0.25157	2.31717213	0.577801613
0.25316	2.33168536	0.569701795
0.25475	2.34626565	0.560078808
0.25634	2.36067795	0.548891345
0.25793	2.37467908	0.536140733
0.25952	2.38802531	0.521875087
0.26112	2.40048438	0.506187696
0.26271	2.41184546	0.489213773
0.2643	2.42192779	0.471124947
0.26589	2.43058781	0.45212117
0.26748	2.43772396	0.432420532
0.26907	2.44327819	0.412249024
0.27067	2.44723468	0.391831658
0.27226	2.4496167	0.371382518
0.27385	2.4504812	0.351098957
0.27544	2.44991257	0.331155243
0.27703	2.44801587	0.311700698
0.27862	2.4449101	0.292857499
0.28022	2.44072204	0.274721021
0.28181	2.43558114	0.257362168
0.2834	2.42961505	0.240828823
0.28499	2.42294624	0.225148714
0.28658	2.41568999	0.210333132
0.28818	2.40795253	0.196379165
0.28977	2.3998302	0.18327257
0.29136	2.39140949	0.170990928
0.29295	2.38276689	0.159505232
0.29454	2.37396931	0.148782004
0.29614	2.3650748	0.138784873
0.29773	2.35613305	0.129475706
0.29932	2.34718664	0.120816056
0.30091	2.33827137	0.11276749
0.3025	2.32941721	0.105292332
0.30409	2.32064883	0.09835399
0.30569	2.31198686	0.0919176733
0.30728	2.30344754	0.0859498581
0.30887	2.29504418	0.0804191133
0.31046	2.28678728	0.0752958242
0.31205	2.27868456	0.0705519914
0.31365	2.27074208	0.0661616709
0.31524	2.26296411	0.0621005984
0.31683	2.25535349	0.0583461984
0.31842	2.24791192	0.0548775011
0.32001	2.24064001	0.0516750052
0.32161	2.23353796	0.0487207775
0.3232	2.22660502	0.045998066
0.32479	2.21984006	0.0434914087
0.32638	2.21324163	0.0411864938
0.32797	2.20680801	0.0390700757
0.32957	2.20053745	0.0371299223
0.33116	2.19442784	0.0353546239
0.33275	2.18847739	0.0337336996
0.33434	2.18268445	0.0322574316
0.33593	2.17704736	0.0309167457
0.33752	2.17156519	0.0297033069
0.33912	2.16623741	0.0286093155
0.34071	2.16106461	0.0276275388
0.3423	2.1560493	0.0267512355
0.34389	2.15119877	0.0259740953
0.34548	2.14653759	0.0252748721
0.34708	2.14204552	0.024600679
0.34867	2.13769101	0.0239471567
0.35026	2.13345877	0.0233137866
0.35185	2.12933779	0.0226999922
0.35344	2.12531947	0.0221051966
0.35504	2.12139667	0.0215288237
0.35663	2.1175633	0.0209703042
0.35822	2.11381409	0.0204290871
0.35981	2.11014433	0.0199046243
0.3614	2.10654969	0.0193963657
0.36299	2.10302647	0.0189038069
0.36459	2.09957119	0.0184264416
0.36618	2.09618057	0.0179637641
0.36777	2.09285183	0.0175153192
0.36936	2.08958211	0.0170806241
0.37095	2.08636899	0.016659245
0.37254	2.08321014	0.0162507481
0.37414	2.08010332	0.0158547078
0.37573	2.07704647	0.0154707188
0.37732	2.07403771	0.0150983944
0.37891	2.07107518	0.0147373498
0.3805	2.06815721	0.0143872236
0.3821	2.06528218	0.0140476614
0.38369	2.06244853	0.0137183156
0.38528	2.05965483	0.0133988604
0.38687	2.05689966	0.0130889713
0.38846	2.05418175	0.0127883447
0.39005	2.05149982	0.0124966776
0.39164	2.0488527	0.0122136868
0.39324	2.04623925	0.011939094
0.39483	2.04365836	0.0116726266
0.39642	2.04110902	0.0114140294
0.39801	2.03859023	0.011163052
0.3996	2.03610099	0.0109194487
0.40119	2.03364043	0.0106829899
0.40279	2.03120768	0.0104534501
0.40438	2.02880188	0.0102306115
0.40597	2.02642218	0.0100142604
0.40756	2.02406784	0.0098041974
0.40915	2.02173811	0.0096002263
0.41074	2.01943226	0.0094021576
0.41233	2.01714956	0.0092098055
0.41393	2.01488934	0.0090229936
0.41552	2.01265101	0.0088415571
0.41711	2.01043395	0.0086653308
0.4187	2.00823747	0.0084941502
0.42029	2.00606101	0.0083278615
0.42188	2.00390405	0.0081663215
0.42347	2.00176598	0.0080093815
0.42506	1.99964634	0.0078569076
0.42665	1.99754454	0.0077087613
0.42825	1.9954601	0.007564813
0.42984	1.99339266	0.0074249464
0.43143	1.99134156	0.0072890275
0.43302	1.98930647	0.0071569481
0.43461	1.98728696	0.0070285949
0.4362	1.98528254	0.0069038546
0.43779	1.98329279	0.006782622
0.43938	1.98131737	0.0066647985
0.44097	1.9793559	0.0065502853
0.44257	1.97740793	0.0064389834
0.44416	1.97547316	0.0063308039
0.44575	1.97355117	0.0062256541
0.44734	1.97164168	0.006123451
0.44893	1.96974428	0.0060241079
0.45052	1.9678587	0.0059275469
0.45211	1.96598463	0.0058336898
0.4537	1.96412169	0.0057424581
0.45529	1.96226965	0.0056537813
0.45688	1.96042814	0.0055675858
0.45847	1.95859694	0.0054838058
0.46006	1.95677571	0.0054023724
0.46165	1.95496423	0.0053232238
0.46324	1.95316225	0.0052462977
0.46484	1.95136949	0.0051715339
0.46643	1.94958565	0.0050988717
0.46802	1.94781049	0.0050282548
0.46961	1.94604388	0.0049596329
0.4712	1.94428546	0.0048929487
0.47279	1.94253502	0.0048281511
0.47438	1.94079243	0.0047651942
0.47597	1.93905737	0.0047040261
0.47756	1.93732964	0.0046446002
0.47915	1.93560912	0.0045868749
0.48074	1.93389551	0.0045308029
0.48233	1.93218866	0.0044763436
0.48392	1.93048833	0.0044234542
0.48551	1.92879438	0.0043720964
0.4871	1.92710663	0.0043222318
0.48869	1.92542489	0.0042738226
0.49028	1.92374899	0.0042268327
0.49187	1.9220787	0.0041812255
0.49346	1.92041391	0.0041369682
0.49505	1.91875441	0.0040940265
0.49664	1.91710012	0.0040523708
0.49823	1.91545079	0.0040119675
0.49982	1.91380632	0.0039727877
0.50141	1.91216656	0.0039348021
0.503	1.91053135	0.0038979822
0.50459	1.90890051	0.0038622993
0.50618	1.90727398	0.0038277291
0.50777	1.90565154	0.0037942432
0.50936	1.9040331	0.0037618177
0.51094	1.90241851	0.0037304282
0.51253	1.90080761	0.0037000498
0.51412	1.89920036	0.0036706616
0.51571	1.89759653	0.0036422394
0.5173	1.89599606	0.0036147623
0.51889	1.89439883	0.0035882093
0.52048	1.89280471	0.0035625601
0.52207	1.89121359	0.0035377946
0.52366	1.88962536	0.0035138937
0.52525	1.88803986	0.003490838
0.52684	1.88645706	0.0034686106
0.52843	1.88487678	0.0034471926
0.53002	1.883299	0.0034265682
0.5316	1.88172353	0.0034067193
0.53319	1.8801503	0.0033876306
0.53478	1.87857922	0.0033692863
0.53637	1.87701019	0.0033516711
0.53796	1.87544312	0.0033347702
0.53955	1.87387791	0.0033185691
0.54114	1.87231447	0.003303054
0.54273	1.87075271	0.0032882112
0.54431	1.86919254	0.0032740275
0.5459	1.86763388	0.00326049
0.54749	1.86607663	0.0032475862
0.54908	1.86452071	0.0032353041
0.55067	1.86296604	0.0032236319
0.55226	1.86141254	0.003212558
0.55384	1.85986012	0.0032020714
0.55543	1.85830872	0.0031921612
0.55702	1.85675824	0.0031828169
0.55861	1.85520862	0.0031740282
0.5602	1.85365978	0.0031657853
0.56178	1.8521117	0.0031580787
0.56337	1.8505642	0.0031508985
0.56496	1.84901726	0.0031442358
0.56655	1.84747086	0.003138082
0.56814	1.84592483	0.0031324279
0.56972	1.84437921	0.0031272656
0.57131	1.84283388	0.0031225867
0.5729	1.84128872	0.0031183832
0.57449	1.83974377	0.0031146475
0.57607	1.8381989	0.0031113721
0.57766	1.83665412	0.0031085496
0.57925	1.83510926	0.003106173
0.58084	1.8335643	0.0031042353
0.58242	1.83201924	0.0031027298
0.58401	1.83047397	0.00310165
0.5856	1.82892843	0.0031009895
0.58718	1.82738256	0.0031007422
0.58877	1.8258363	0.0031009021
0.59036	1.82428966	0.0031014632
0.59195	1.82274246	0.00310242
0.59353	1.82119477	0.0031037669
0.59512	1.81964647	0.0031054986
0.59671	1.81809757	0.0031076097
0.59829	1.81654791	0.0031100953
0.59988	1.81499753	0.0031129503
0.60147	1.81344635	0.0031161701
0.60305	1.8118943	0.0031197499
0.60464	1.81034139	0.0031236851
0.60623	1.80878748	0.0031279716
0.60781	1.80723261	0.0031326048
0.6094	1.80567673	0.0031375804
0.61098	1.8041197	0.0031428949
0.61257	1.80256157	0.0031485438
0.61416	1.80100225	0.0031545237
0.61574	1.79944173	0.0031608305
0.61733	1.79787989	0.003167461
0.61891	1.79631676	0.0031744114
0.6205	1.79475232	0.0031816781
0.62209	1.79318641	0.0031892584
0.62367	1.79161909	0.0031971486
0.62526	1.79005032	0.0032053456
0.62684	1.78847996	0.0032138467
0.62843	1.78690807	0.0032226487
0.63001	1.78533461	0.0032317485
0.6316	1.78375948	0.0032411437
0.63318	1.78218266	0.0032508316
0.63477	1.78060409	0.0032608097
0.63635	1.77902379	0.003271075
0.63794	1.77744167	0.0032816254
0.63952	1.77585774	0.0032924583
0.64111	1.77427191	0.0033035715
0.64269	1.77268421	0.0033149627
0.64428	1.77109453	0.0033266299
0.64586	1.76950285	0.003338571
0.64745	1.76790917	0.0033507837
0.64903	1.76631342	0.0033632664
0.65062	1.76471561	0.0033760167
0.6522	1.76311564	0.0033890332
0.65379	1.76151354	0.0034023138
0.65537	1.75990922	0.003415857
0.65696	1.7583027	0.0034296609
0.65854	1.75669389	0.0034437243
0.66012	1.75508276	0.0034580455
0.66171	1.75346933	0.0034726227
0.66329	1.75185356	0.0034874544
0.66488	1.75023537	0.0035025397
0.66646	1.74861478	0.0035178767
0.66804	1.74699171	0.0035334647
0.66963	1.74536611	0.0035493023
0.67121	1.74373807	0.0035653875
0.67279	1.7421074	0.0035817206
0.67438	1.74047422	0.0035982989
0.67596	1.7388384	0.0036151224
0.67754	1.7371999	0.00363219
0.67913	1.73555875	0.0036495004
0.68071	1.73391492	0.0036670525
0.68229	1.73226832	0.0036848461
0.68388	1.73061898	0.0037028796
0.68546	1.72896681	0.003721153
0.68704	1.72731184	0.0037396647
0.68862	1.72565404	0.0037584142
0.69021	1.72399333	0.0037774012
0.69179	1.72232972	0.0037966246
0.69337	1.7206632	0.0038160837
0.69495	1.71899368	0.0038357786
0.69654	1.71732118	0.003855708
0.69812	1.71564562	0.0038758721
0.6997	1.71396708	0.0038962692
0.70128	1.71228538	0.0039169007
0.70287	1.71060065	0.0039377643
0.70445	1.70891274	0.0039588609
0.70603	1.70722169	0.0039801894
0.70761	1.70552747	0.0040017496
0.70919	1.70383	0.0040235419
0.71077	1.7021293	0.0040455652
0.71236	1.70042535	0.0040678195
0.71394	1.69871811	0.0040903045
0.71552	1.69700752	0.0041130206
0.7171	1.6952936	0.0041359672
0.71868	1.69357632	0.004159144
0.72026	1.69185559	0.0041825517
0.72184	1.69013145	0.0042061895
0.72342	1.68840388	0.0042300574
0.725	1.68667284	0.0042541554
0.72659	1.6849383	0.0042784835
0.72817	1.6832002	0.0043030425
0.72975	1.68145861	0.0043278309
0.73133	1.67971339	0.0043528505
0.73291	1.67796452	0.0043781013
0.73449	1.67621209	0.0044035818
0.73607	1.67445601	0.0044292932
0.73765	1.6726962	0.0044552363
0.73923	1.67093269	0.0044814106
0.74081	1.66916546	0.0045078164
0.74239	1.66739449	0.0045344538
0.74397	1.66561973	0.0045613233
0.74555	1.66384113	0.0045884259
0.74713	1.66205875	0.0046157603
0.74871	1.66027247	0.0046433285
0.75029	1.65848237	0.0046711293
0.75186	1.65668831	0.0046991648
0.75344	1.65489032	0.0047274345
0.75502	1.65308839	0.0047559389
0.7566	1.65128248	0.0047846785
0.75818	1.64947257	0.0048136537
0.75976	1.64765857	0.0048428659
0.76134	1.64584058	0.004872314
0.76292	1.64401852	0.0049019993
0.7645	1.64219229	0.0049319234
0.76607	1.640362	0.004962085
0.76765	1.6385275	0.0049924867
0.76923	1.63668888	0.0050231271
0.77081	1.634846	0.0050540088
0.77239	1.63299896	0.0050851306
0.77396	1.6311476	0.0051164951
0.77554	1.62929203	0.0051481012
0.77712	1.62743215	0.0051799505
0.7787	1.62556789	0.0052120448
0.78028	1.62369934	0.0052443828
0.78185	1.62182635	0.0052769675
0.78343	1.61994902	0.0053097976
0.78501	1.61806727	0.005342875
0.78659	1.616181	0.0053762015
0.78816	1.61429032	0.0054097761
0.78974	1.61239513	0.0054436005
0.79132	1.61049542	0.0054776759
0.79289	1.60859115	0.005512003
0.79447	1.60668231	0.005546583
0.79605	1.60476887	0.0055814167
0.79762	1.60285079	0.0056165052
0.7992	1.60092812	0.0056518485
0.80077	1.59900072	0.0056874497
0.80235	1.59706866	0.0057233078
0.80393	1.59513188	0.0057594249
0.8055	1.59319034	0.0057958021
0.80708	1.59124402	0.0058324406
0.80865	1.5892929	0.0058693416
0.81023	1.58733694	0.0059065061
0.81181	1.58537618	0.0059439343
0.81338	1.58341053	0.0059816285
0.81496	1.58143992	0.0060195912
0.81653	1.57946449	0.0060578199
0.81811	1.57748403	0.0060963197
0.81968	1.57549865	0.0061350893
0.82126	1.57350819	0.0061741326
0.82283	1.57151268	0.0062134496
0.82441	1.56951223	0.0062530393
0.82598	1.56750669	0.0062929054
0.82755	1.5654959	0.006333052
0.82913	1.56348008	0.0063734753
0.8307	1.56145909	0.0064141795
0.83228	1.55943302	0.0064551634
0.83385	1.5574016	0.0064964335
0.83543	1.55536492	0.006537989
0.837	1.55332308	0.0065798286
0.83857	1.55127592	0.0066219566
0.84015	1.54922331	0.0066643772
0.84172	1.54716545	0.0067070867
0.84329	1.54510232	0.0067500867
0.84487	1.54303365	0.0067933843
0.84644	1.54095952	0.0068369783
0.84801	1.53888004	0.0068808679
0.84959	1.53679506	0.0069250574
0.85116	1.53470454	0.0069695487
0.85273	1.53260845	0.0070143434
0.8543	1.53050677	0.0070594434
0.85588	1.5283996	0.0071048476
0.85745	1.52628665	0.0071505637
0.85902	1.52416815	0.0071965878
0.86059	1.52204394	0.0072429246
0.86216	1.51991412	0.0072895731
0.86374	1.51777841	0.0073365412
0.86531	1.51563702	0.0073838249
0.86688	1.51348981	0.0074314292
0.86845	1.51133674	0.0074793562
0.87002	1.50917778	0.0075276079
0.87159	1.50701291	0.0075761863
0.87316	1.50484221	0.0076250907
0.87474	1.50266554	0.0076743261
0.87631	1.50048286	0.0077238947
0.87788	1.49829426	0.0077737957
0.87945	1.49609946	0.0078240374
0.88102	1.49389869	0.0078746159
0.88259	1.49169178	0.0079255367
0.88416	1.48947884	0.0079767988
0.88573	1.48725957	0.008028411
0.8873	1.48503419	0.0080803693
0.88887	1.48280255	0.0081326793
0.89044	1.48056461	0.0081853434
0.89201	1.47832047	0.0082383609
0.89358	1.47606997	0.0082917376
0.89515	1.47381308	0.0083454759
0.89672	1.47154989	0.0083995752
0.89829	1.46928009	0.0084540448
0.89986	1.46700393	0.0085088805
0.90142	1.46472124	0.0085640885
0.90299	1.46243212	0.008619668
0.90456	1.46013639	0.0086756252
0.90613	1.45783403	0.0087319629
0.9077	1.45552498	0.0087886841
0.90927	1.45320938	0.0088457879
0.91083	1.45088702	0.0089032808
0.9124	1.44855788	0.0089611658
0.91397	1.44622207	0.0090194423
0.91554	1.4438794	0.0090781169
0.91711	1.44152984	0.0091371927
0.91867	1.43917349	0.0091966691
0.92024	1.43681018	0.009256553
0.92181	1.43443985	0.0093168474
0.92338	1.43206263	0.009377552
0.92494	1.42967833	0.0094386738
0.92651	1.42728691	0.009500216
0.92808	1.42488832	0.0095621821
0.92964	1.42248269	0.0096245717
0.93121	1.42006996	0.0096873881
0.93278	1.4176498	0.0097506427
0.93434	1.41522247	0.0098143312
0.93591	1.41278793	0.0098784572
0.93747	1.41034584	0.0099430323
0.93904	1.40789645	0.0100080522
0.94061	1.40543973	0.0100735207
0.94217	1.40297548	0.0101394455
0.94374	1.40050366	0.0102058307
0.9453	1.39802422	0.01027268
0.94687	1.39553728	0.0103399934
0.94843	1.39304279	0.0104077749
0.95	1.39054056	0.0104760326
0.95156	1.38803054	0.0105447708
0.95313	1.38551268	0.0106139938
0.95469	1.3829871	0.0106837014
0.95625	1.38045359	0.0107539024
0.95782	1.37791226	0.0108245967
0.95938	1.37536292	0.0108957931
0.96095	1.37280567	0.0109674918
0.96251	1.3702403	0.0110397019
0.96407	1.36766677	0.0111124278
0.96564	1.36508519	0.01118567
0.9672	1.36249535	0.0112594376
0.96876	1.35989737	0.011333731
0.97033	1.35729102	0.0114085597
0.97189	1.35467642	0.0114839241
0.97345	1.35205337	0.0115598338
0.97502	1.3494218	0.0116362942
0.97658	1.34678183	0.0117133056
0.97814	1.34413341	0.0117908734
0.9797	1.34147616	0.0118690126
0.98126	1.33881051	0.011947714
0.98283	1.33613592	0.0120269981
0.98439	1.33345283	0.0121068555
0.98595	1.33076069	0.012187307
0.98751	1.32805977	0.0122683484
0.98907	1.32535001	0.0123499855
0.99063	1.32263121	0.0124322295
0.9922	1.31990345	0.0125150812
0.99376	1.31716652	0.0125985522
0.99532	1.31442054	0.0126826434
0.99688	1.31166526	0.0127673665
0.99844	1.30890062	0.012852728
1	1.30612675	0.0129387293
